1
4
2
0
10
11
15
16
23
25
24
26
37
36
39
40
49
48
53
54
61
62
69
71
77
78
83
84
90
97
95
99
105
108
115
125
128
132
135
143
147
148
153
159
160
162
166
173
175
176
180
189
192
195
197
201
204
207
206
213
215
217
218
226
225
227
231
234
237
239
241
246
248
249
256
262
265
267
272
276
278
281
292
291
295
303
307
308
314
318
320
329
332
338
344
348
350
353
361
366
365
368
374
377
380
383
388
390
393
402
405
408
410
415
417
418
425
430
432
438
446
445
453
456
458
462
470
474
475
476
487
492
491
496
502
505
508
513
519
524
525
533
538
540
541
554
553
557
559
568
566
572
578
581
583
589
591
594
600
602
608
609
617
623
624
626
631
633
635
636
644
646
648
651
658
660
662
666
671
672
674
679
682
685
691
696
697
700
704
710
711
715
716
722
721
725
728
732
737
739
741
744
747
750
753
757
760
762
770
771
773
775
778
781
785
783
791
794
797
799
805
807
815
813
820
825
827
828
833
835
836
839
847
849
850
851
859
858
860
862
867
869
870
874
878
880
882
884
894
896
895
900
907
906
910
916
922
923
927
937
940
938
941
948
949
950
964
962
968
966
976
977
983
995
994
